% Intrinsic and Extrinsic Camera Parameters
%
% This script file can be directly executed under Matlab to recover the camera intrinsic and extrinsic parameters.
% IMPORTANT: This file contains neither the structure of the calibration objects nor the image coordinates of the calibration points.
%            All those complementary variables are saved in the complete matlab data file Calib_Results.mat.
% For more information regarding the calibration model visit http://www.vision.caltech.edu/bouguetj/calib_doc/


%-- Focal length:
fc = [ 976.092395378071728 ; 980.317945979503406 ];

%-- Principal point:
cc = [ 608.850466053465880 ; 360.688164285149867 ];

%-- Skew coefficient:
alpha_c = 0.000000000000000;

%-- Distortion coefficients:
kc = [ 0.005792674228692 ; 0.001698407086780 ; -0.002940886930806 ; -0.002743629388799 ; 0.000000000000000 ];

%-- Focal length uncertainty:
fc_error = [ 3.946542413571072 ; 4.172202948486772 ];

%-- Principal point uncertainty:
cc_error = [ 6.008913516501562 ; 4.295671880785614 ];

%-- Skew coefficient uncertainty:
alpha_c_error = 0.000000000000000;

%-- Distortion coefficients uncertainty:
kc_error = [ 0.011061107260819 ; 0.030263887999285 ; 0.001420742304458 ; 0.002126240792142 ; 0.000000000000000 ];

%-- Image size:
nx = 1280;
ny = 720;


%-- Various other variables (may be ignored if you do not use the Matlab Calibration Toolbox):
%-- Those variables are used to control which intrinsic parameters should be optimized

n_ima = 26;						% Number of calibration images
est_fc = [ 1 ; 1 ];					% Estimation indicator of the two focal variables
est_aspect_ratio = 1;				% Estimation indicator of the aspect ratio fc(2)/fc(1)
center_optim = 1;					% Estimation indicator of the principal point
est_alpha = 0;						% Estimation indicator of the skew coefficient
est_dist = [ 1 ; 1 ; 1 ; 1 ; 0 ];	% Estimation indicator of the distortion coefficients


%-- Extrinsic parameters:
%-- The rotation (omc_kk) and the translation (Tc_kk) vectors for every calibration image and their uncertainties

%-- Image #1:
omc_1 = [ 2.083242e+00 ; 2.183262e+00 ; 2.868615e-01 ];
Tc_1  = [ -1.260122e+02 ; -7.963543e+01 ; 3.233608e+02 ];
omc_error_1 = [ 5.482614e-03 ; 6.680786e-03 ; 1.281672e-02 ];
Tc_error_1  = [ 2.066042e+00 ; 1.476608e+00 ; 1.932502e+00 ];

%-- Image #2:
omc_2 = [ -2.103409e+00 ; -2.162820e+00 ; -2.554596e-01 ];
Tc_2  = [ -1.041579e+02 ; -5.048715e+01 ; 2.766085e+02 ];
omc_error_2 = [ 4.290538e-03 ; 5.038851e-03 ; 1.008200e-02 ];
Tc_error_2  = [ 1.728048e+00 ; 1.256681e+00 ; 1.518979e+00 ];

%-- Image #3:
omc_3 = [ -2.125790e+00 ; -2.191552e+00 ; -2.282102e-01 ];
Tc_3  = [ -1.073776e+02 ; -6.202546e+01 ; 2.473732e+02 ];
omc_error_3 = [ 4.103141e-03 ; 4.508210e-03 ; 9.543261e-03 ];
Tc_error_3  = [ 1.559721e+00 ; 1.137254e+00 ; 1.425422e+00 ];

%-- Image #4:
omc_4 = [ -1.806521e+00 ; -1.652507e+00 ; 3.923090e-01 ];
Tc_4  = [ 1.100192e+00 ; -6.933992e+01 ; 4.081337e+02 ];
omc_error_4 = [ 4.648681e-03 ; 5.267780e-03 ; 7.583952e-03 ];
Tc_error_4  = [ 2.519023e+00 ; 1.777096e+00 ; 1.610574e+00 ];

%-- Image #5:
omc_5 = [ -2.068553e+00 ; -1.904133e+00 ; -6.039422e-02 ];
Tc_5  = [ -1.258968e+00 ; -6.720126e+01 ; 3.652667e+02 ];
omc_error_5 = [ 5.426957e-03 ; 7.048623e-03 ; 1.115144e-02 ];
Tc_error_5  = [ 2.270726e+00 ; 1.614923e+00 ; 1.727284e+00 ];

%-- Image #6:
omc_6 = [ 1.882969e+00 ; 1.936915e+00 ; -6.236213e-01 ];
Tc_6  = [ -4.608487e+01 ; -6.660354e+01 ; 3.066360e+02 ];
omc_error_6 = [ 3.586988e-03 ; 4.972284e-03 ; 8.089643e-03 ];
Tc_error_6  = [ 1.901784e+00 ; 1.334758e+00 ; 1.274790e+00 ];

%-- Image #7:
omc_7 = [ 1.831992e+00 ; 1.768411e+00 ; -1.793984e-01 ];
Tc_7  = [ -1.015399e+02 ; -7.401593e+01 ; 2.642329e+02 ];
omc_error_7 = [ 3.529426e-03 ; 5.112943e-03 ; 7.154436e-03 ];
Tc_error_7  = [ 1.653887e+00 ; 1.184406e+00 ; 1.415175e+00 ];

%-- Image #8:
omc_8 = [ -2.011147e+00 ; -2.065646e+00 ; -4.836272e-01 ];
Tc_8  = [ -7.774685e+01 ; -6.425200e+01 ; 2.666978e+02 ];
omc_error_8 = [ 3.612125e-03 ; 5.048005e-03 ; 9.070006e-03 ];
Tc_error_8  = [ 1.676570e+00 ; 1.205616e+00 ; 1.421891e+00 ];

%-- Image #9:
omc_9 = [ -1.908984e+00 ; -1.999011e+00 ; -1.726219e-01 ];
Tc_9  = [ -4.494136e+01 ; -8.037974e+01 ; 3.946117e+02 ];
omc_error_9 = [ 4.981108e-03 ; 6.710013e-03 ; 1.096035e-02 ];
Tc_error_9  = [ 2.451926e+00 ; 1.753890e+00 ; 1.877650e+00 ];

%-- Image #10:
omc_10 = [ -2.021417e+00 ; -2.224483e+00 ; -1.355906e-01 ];
Tc_10  = [ -4.557674e+01 ; -1.017713e+02 ; 4.792905e+02 ];
omc_error_10 = [ 9.633954e-03 ; 1.118648e-02 ; 2.081383e-02 ];
Tc_error_10  = [ 2.984188e+00 ; 2.142328e+00 ; 2.661900e+00 ];

%-- Image #11:
omc_11 = [ -1.832754e+00 ; -2.437210e+00 ; -8.203661e-02 ];
Tc_11  = [ -3.355954e+01 ; -1.292441e+02 ; 5.183794e+02 ];
omc_error_11 = [ 1.134236e-02 ; 1.484289e-02 ; 2.521926e-02 ];
Tc_error_11  = [ 3.234174e+00 ; 2.312785e+00 ; 2.968128e+00 ];

%-- Image #12:
omc_12 = [ 2.950421e+00 ; 9.049415e-01 ; -2.190472e-01 ];
Tc_12  = [ -9.404034e+00 ; -1.130351e+01 ; 5.542444e+02 ];
omc_error_12 = [ 1.246249e-02 ; 3.838293e-03 ; 2.262629e-02 ];
Tc_error_12  = [ 3.429286e+00 ; 2.426605e+00 ; 3.028624e+00 ];

%-- Image #13:
omc_13 = [ 2.076959e+00 ; 2.075931e+00 ; -1.859071e-01 ];
Tc_13  = [ -5.547933e+01 ; -9.968920e+01 ; 7.101247e+02 ];
omc_error_13 = [ 9.145141e-03 ; 1.062008e-02 ; 1.998104e-02 ];
Tc_error_13  = [ 4.392870e+00 ; 3.128911e+00 ; 3.701929e+00 ];

%-- Image #14:
omc_14 = [ 2.071039e+00 ; 2.099005e+00 ; -1.304130e-01 ];
Tc_14  = [ -6.703396e+01 ; -7.419255e+01 ; 8.667016e+02 ];
omc_error_14 = [ 1.374458e-02 ; 1.550379e-02 ; 3.000733e-02 ];
Tc_error_14  = [ 5.347036e+00 ; 3.812997e+00 ; 5.041016e+00 ];

%-- Image #15:
omc_15 = [ 2.215949e+00 ; 2.154721e+00 ; -1.073202e-01 ];
Tc_15  = [ -8.344472e+01 ; -7.421522e+01 ; 4.561132e+02 ];
omc_error_15 = [ 8.416837e-03 ; 8.688644e-03 ; 1.827608e-02 ];
Tc_error_15  = [ 2.824036e+00 ; 2.005803e+00 ; 2.326093e+00 ];

%-- Image #16:
omc_16 = [ 1.793122e+00 ; 1.786156e+00 ; -6.646937e-01 ];
Tc_16  = [ -7.434653e+01 ; -6.758636e+01 ; 4.257757e+02 ];
omc_error_16 = [ 3.822735e-03 ; 5.627359e-03 ; 7.992276e-03 ];
Tc_error_16  = [ 2.633067e+00 ; 1.879439e+00 ; 1.805155e+00 ];

%-- Image #17:
omc_17 = [ -1.909580e+00 ; -1.900414e+00 ; -6.024249e-01 ];
Tc_17  = [ -6.990268e+01 ; -8.381311e+01 ; 3.695818e+02 ];
omc_error_17 = [ 4.178755e-03 ; 5.697718e-03 ; 9.513000e-03 ];
Tc_error_17  = [ 2.314035e+00 ; 1.656865e+00 ; 1.916369e+00 ];

%-- Image #18:
omc_18 = [ 1.885122e+00 ; 1.787226e+00 ; 9.689949e-01 ];
Tc_18  = [ -4.786137e+01 ; -8.740598e+01 ; 3.683836e+02 ];
omc_error_18 = [ 5.901076e-03 ; 4.730762e-03 ; 7.957267e-03 ];
Tc_error_18  = [ 2.316653e+00 ; 1.623615e+00 ; 2.174709e+00 ];

%-- Image #19:
omc_19 = [ -1.896983e+00 ; -1.757078e+00 ; 6.484689e-01 ];
Tc_19  = [ -3.886521e+01 ; -9.126721e+01 ; 4.436787e+02 ];
omc_error_19 = [ 5.580681e-03 ; 4.299090e-03 ; 8.397604e-03 ];
Tc_error_19  = [ 2.762158e+00 ; 1.943940e+00 ; 1.745887e+00 ];

%-- Image #20:
omc_20 = [ -1.969310e+00 ; -1.790846e+00 ; 5.350859e-01 ];
Tc_20  = [ -3.695047e+01 ; -5.920964e+01 ; 4.244329e+02 ];
omc_error_20 = [ 5.342158e-03 ; 4.893597e-03 ; 8.909869e-03 ];
Tc_error_20  = [ 2.617305e+00 ; 1.846709e+00 ; 1.661279e+00 ];

%-- Image #21:
omc_21 = [ -2.466228e+00 ; -1.227031e+00 ; 7.745709e-01 ];
Tc_21  = [ -2.309981e+01 ; 8.496792e+00 ; 4.666080e+02 ];
omc_error_21 = [ 6.594285e-03 ; 3.424709e-03 ; 1.012615e-02 ];
Tc_error_21  = [ 2.876033e+00 ; 2.019544e+00 ; 1.719374e+00 ];

%-- Image #22:
omc_22 = [ 1.832586e+00 ; 1.663188e+00 ; -7.321685e-01 ];
Tc_22  = [ -7.223008e+01 ; -5.866628e+01 ; 3.621620e+02 ];
omc_error_22 = [ 3.790688e-03 ; 5.303771e-03 ; 7.509842e-03 ];
Tc_error_22  = [ 2.241543e+00 ; 1.594178e+00 ; 1.504590e+00 ];

%-- Image #23:
omc_23 = [ 2.116811e+00 ; 8.961655e-01 ; -4.198240e-01 ];
Tc_23  = [ -6.405169e+01 ; -1.289939e+01 ; 3.651284e+02 ];
omc_error_23 = [ 4.712545e-03 ; 4.383274e-03 ; 7.449710e-03 ];
Tc_error_23  = [ 2.253749e+00 ; 1.595780e+00 ; 1.708377e+00 ];

%-- Image #24:
