% Intrinsic and Extrinsic Camera Parameters
%
% This script file can be directly executed under Matlab to recover the camera intrinsic and extrinsic parameters.
% IMPORTANT: This file contains neither the structure of the calibration objects nor the image coordinates of the calibration points.
%            All those complementary variables are saved in the complete matlab data file Calib_Results.mat.
% For more information regarding the calibration model visit http://www.vision.caltech.edu/bouguetj/calib_doc/


%-- Focal length:
fc = [ 975.239555005083503 ; 979.879153022807373 ];

%-- Principal point:
cc = [ 606.653567976993713 ; 356.879255865147286 ];

%-- Skew coefficient:
alpha_c = 0.000000000000000;

%-- Distortion coefficients:
kc = [ 0.010871613219842 ; -0.019354154996992 ; -0.004007115743619 ; -0.003158870750101 ; 0.000000000000000 ];

%-- Focal length uncertainty:
fc_error = [ 8.024963094700405 ; 8.491504106133956 ];

%-- Principal point uncertainty:
cc_error = [ 12.102294362252517 ; 8.743185446898755 ];

%-- Skew coefficient uncertainty:
alpha_c_error = 0.000000000000000;

%-- Distortion coefficients uncertainty:
kc_error = [ 0.022334270747899 ; 0.060418099204235 ; 0.002870520786398 ; 0.004296561891206 ; 0.000000000000000 ];

%-- Image size:
nx = 1280;
ny = 720;


%-- Various other variables (may be ignored if you do not use the Matlab Calibration Toolbox):
%-- Those variables are used to control which intrinsic parameters should be optimized

n_ima = 26;						% Number of calibration images
est_fc = [ 1 ; 1 ];					% Estimation indicator of the two focal variables
est_aspect_ratio = 1;				% Estimation indicator of the aspect ratio fc(2)/fc(1)
center_optim = 1;					% Estimation indicator of the principal point
est_alpha = 0;						% Estimation indicator of the skew coefficient
est_dist = [ 1 ; 1 ; 1 ; 1 ; 0 ];	% Estimation indicator of the distortion coefficients


%-- Extrinsic parameters:
%-- The rotation (omc_kk) and the translation (Tc_kk) vectors for every calibration image and their uncertainties

%-- Image #1:
omc_1 = [ 2.083516e+00 ; 2.184229e+00 ; 2.793991e-01 ];
Tc_1  = [ -1.252835e+02 ; -7.818291e+01 ; 3.239942e+02 ];
omc_error_1 = [ 1.117657e-02 ; 1.357260e-02 ; 2.617538e-02 ];
Tc_error_1  = [ 4.164766e+00 ; 3.008171e+00 ; 3.938869e+00 ];

%-- Image #2:
omc_2 = [ -2.103132e+00 ; -2.161637e+00 ; -2.465421e-01 ];
Tc_2  = [ -1.035130e+02 ; -4.919611e+01 ; 2.771974e+02 ];
omc_error_2 = [ 8.710927e-03 ; 1.028212e-02 ; 2.040533e-02 ];
Tc_error_2  = [ 3.486754e+00 ; 2.561092e+00 ; 3.087229e+00 ];

%-- Image #3:
omc_3 = [ -2.122732e+00 ; -2.188365e+00 ; -2.185837e-01 ];
Tc_3  = [ -1.068282e+02 ; -6.078766e+01 ; 2.481777e+02 ];
omc_error_3 = [ 8.335042e-03 ; 9.221523e-03 ; 1.938020e-02 ];
Tc_error_3  = [ 3.147683e+00 ; 2.319101e+00 ; 2.904607e+00 ];

%-- Image #4:
omc_4 = [ -1.806553e+00 ; -1.649026e+00 ; 3.933184e-01 ];
Tc_4  = [ 1.999237e+00 ; -6.749794e+01 ; 4.081252e+02 ];
omc_error_4 = [ 9.443918e-03 ; 1.074098e-02 ; 1.527828e-02 ];
Tc_error_4  = [ 5.072223e+00 ; 3.617593e+00 ; 3.272231e+00 ];

%-- Image #5:
omc_5 = [ -2.067623e+00 ; -1.902839e+00 ; -5.206552e-02 ];
Tc_5  = [ -3.085736e-01 ; -6.555220e+01 ; 3.659452e+02 ];
omc_error_5 = [ 1.103123e-02 ; 1.436633e-02 ; 2.267714e-02 ];
Tc_error_5  = [ 4.583650e+00 ; 3.290464e+00 ; 3.517887e+00 ];

%-- Image #6:
omc_6 = [ 1.878976e+00 ; 1.934867e+00 ; -6.272363e-01 ];
Tc_6  = [ -4.533045e+01 ; -6.517638e+01 ; 3.064353e+02 ];
omc_error_6 = [ 7.338403e-03 ; 1.006384e-02 ; 1.625645e-02 ];
Tc_error_6  = [ 3.827171e+00 ; 2.715253e+00 ; 2.582608e+00 ];

%-- Image #7:
omc_7 = [ 1.828493e+00 ; 1.766962e+00 ; -1.817441e-01 ];
Tc_7  = [ -1.007155e+02 ; -7.278175e+01 ; 2.643678e+02 ];
omc_error_7 = [ 7.197896e-03 ; 1.031258e-02 ; 1.442439e-02 ];
Tc_error_7  = [ 3.333802e+00 ; 2.410691e+00 ; 2.869409e+00 ];

%-- Image #8:
omc_8 = [ -2.011481e+00 ; -2.065352e+00 ; -4.742718e-01 ];
Tc_8  = [ -7.717876e+01 ; -6.303263e+01 ; 2.674395e+02 ];
omc_error_8 = [ 7.338674e-03 ; 1.026997e-02 ; 1.839061e-02 ];
Tc_error_8  = [ 3.383946e+00 ; 2.458972e+00 ; 2.893705e+00 ];

%-- Image #9:
omc_9 = [ -1.909153e+00 ; -1.998285e+00 ; -1.691714e-01 ];
Tc_9  = [ -4.398911e+01 ; -7.864871e+01 ; 3.947663e+02 ];
omc_error_9 = [ 1.010396e-02 ; 1.366287e-02 ; 2.217403e-02 ];
Tc_error_9  = [ 4.940494e+00 ; 3.570512e+00 ; 3.815794e+00 ];

%-- Image #10:
omc_10 = [ -2.020993e+00 ; -2.223793e+00 ; -1.318194e-01 ];
Tc_10  = [ -4.444637e+01 ; -9.971953e+01 ; 4.793515e+02 ];
omc_error_10 = [ 1.942839e-02 ; 2.268633e-02 ; 4.212332e-02 ];
Tc_error_10  = [ 6.012352e+00 ; 4.360593e+00 ; 5.409059e+00 ];

%-- Image #11:
omc_11 = [ -1.831709e+00 ; -2.435097e+00 ; -7.911233e-02 ];
Tc_11  = [ -3.233330e+01 ; -1.270298e+02 ; 5.185667e+02 ];
omc_error_11 = [ 2.295801e-02 ; 3.024738e-02 ; 5.123656e-02 ];
Tc_error_11  = [ 6.517289e+00 ; 4.710929e+00 ; 6.042422e+00 ];

%-- Image #12:
omc_12 = [ 2.947639e+00 ; 9.065450e-01 ; -2.284292e-01 ];
Tc_12  = [ -7.988547e+00 ; -8.862494e+00 ; 5.539512e+02 ];
omc_error_12 = [ 2.543899e-02 ; 7.772797e-03 ; 4.597096e-02 ];
Tc_error_12  = [ 6.908262e+00 ; 4.937389e+00 ; 6.145938e+00 ];

%-- Image #13:
omc_13 = [ 2.074944e+00 ; 2.075583e+00 ; -1.930219e-01 ];
Tc_13  = [ -5.379007e+01 ; -9.680127e+01 ; 7.103055e+02 ];
omc_error_13 = [ 1.864235e-02 ; 2.151058e-02 ; 4.051759e-02 ];
Tc_error_13  = [ 8.853080e+00 ; 6.371009e+00 ; 7.521147e+00 ];

%-- Image #14:
omc_14 = [ 2.069157e+00 ; 2.098374e+00 ; -1.390229e-01 ];
Tc_14  = [ -6.503849e+01 ; -7.075519e+01 ; 8.668803e+02 ];
omc_error_14 = [ 2.798951e-02 ; 3.138357e-02 ; 6.084983e-02 ];
Tc_error_14  = [ 1.077847e+01 ; 7.764892e+00 ; 1.023042e+01 ];

%-- Image #15:
omc_15 = [ 2.215976e+00 ; 2.155429e+00 ; -1.148056e-01 ];
Tc_15  = [ -8.236652e+01 ; -7.220070e+01 ; 4.565364e+02 ];
omc_error_15 = [ 1.722082e-02 ; 1.764652e-02 ; 3.715088e-02 ];
Tc_error_15  = [ 5.694929e+00 ; 4.085526e+00 ; 4.724779e+00 ];

%-- Image #16:
omc_16 = [ 1.790476e+00 ; 1.786087e+00 ; -6.710353e-01 ];
Tc_16  = [ -7.336097e+01 ; -6.541893e+01 ; 4.251670e+02 ];
omc_error_16 = [ 7.791138e-03 ; 1.137972e-02 ; 1.606838e-02 ];
Tc_error_16  = [ 5.295488e+00 ; 3.819428e+00 ; 3.653490e+00 ];

%-- Image #17:
omc_17 = [ -1.910046e+00 ; -1.899739e+00 ; -5.969598e-01 ];
Tc_17  = [ -6.908086e+01 ; -8.211830e+01 ; 3.701056e+02 ];
omc_error_17 = [ 8.476791e-03 ; 1.159035e-02 ; 1.930354e-02 ];
Tc_error_17  = [ 4.664697e+00 ; 3.374847e+00 ; 3.898162e+00 ];

%-- Image #18:
omc_18 = [ 1.886379e+00 ; 1.790831e+00 ; 9.659138e-01 ];
Tc_18  = [ -4.700248e+01 ; -8.560801e+01 ; 3.689067e+02 ];
omc_error_18 = [ 1.196912e-02 ; 9.516216e-03 ; 1.620898e-02 ];
Tc_error_18  = [ 4.669916e+00 ; 3.308372e+00 ; 4.427577e+00 ];

%-- Image #19:
omc_19 = [ -1.897347e+00 ; -1.755948e+00 ; 6.488602e-01 ];
Tc_19  = [ -3.800749e+01 ; -8.922523e+01 ; 4.439937e+02 ];
omc_error_19 = [ 1.132733e-02 ; 8.788041e-03 ; 1.693295e-02 ];
Tc_error_19  = [ 5.565165e+00 ; 3.959294e+00 ; 3.549412e+00 ];

%-- Image #20:
omc_20 = [ -1.969434e+00 ; -1.788129e+00 ; 5.343852e-01 ];
Tc_20  = [ -3.607056e+01 ; -5.735909e+01 ; 4.245719e+02 ];
omc_error_20 = [ 1.085410e-02 ; 1.001246e-02 ; 1.798292e-02 ];
Tc_error_20  = [ 5.273766e+00 ; 3.759963e+00 ; 3.377186e+00 ];

%-- Image #21:
omc_21 = [ -2.471488e+00 ; -1.228194e+00 ; 7.769775e-01 ];
Tc_21  = [ -2.202688e+01 ; 1.074882e+01 ; 4.664451e+02 ];
omc_error_21 = [ 1.347040e-02 ; 7.019263e-03 ; 2.056478e-02 ];
Tc_error_21  = [ 5.795912e+00 ; 4.108541e+00 ; 3.497246e+00 ];

%-- Image #22:
omc_22 = [ 1.828664e+00 ; 1.663374e+00 ; -7.403744e-01 ];
Tc_22  = [ -7.130454e+01 ; -5.683068e+01 ; 3.620041e+02 ];
omc_error_22 = [ 7.720396e-03 ; 1.073512e-02 ; 1.507645e-02 ];
Tc_error_22  = [ 4.512175e+00 ; 3.242668e+00 ; 3.043920e+00 ];

%-- Image #23:
omc_23 = [ 2.115296e+00 ; 8.992875e-01 ; -4.261337e-01 ];
Tc_23  = [ -6.282791e+01 ; -1.136235e+01 ; 3.660605e+02 ];
omc_error_23 = [ 9.602618e-03 ; 8.862413e-03 ; 1.499207e-02 ];
Tc_error_23  = [ 4.553802e+00 ; 3.256041e+00 ; 3.473933e+00 ];

%-- Image #24:
